$ANSIBLE_VAULT;1.1;AES256
65346433663362396562386465663837623266353437666234343331323831326432326237326430
6634663333353134613066653032623034643533646462340a656633383233333436666563316261
61333062373730363433363661663966613063383062383739356666363764393764343730623036
3835326662323632350a613564376630666135396666383930363161636666656231663661356562
65316435396638363634666232333564643762616438363334613566366639333634303435643963
34633832306434346337633465323933326430636365663435313562306334336339366437333734
63383034373563363131333531623337343532336132373666383962373664333837393735373334
64373261616235633132356330653939363836636530613064376631366530613938623738363232
34393965356134633136303861613763616133646662363836656538336130386636663733343036
35343461303965303731373562323763396632353362323034313666613338353932383762356330
32663439383536653330626338643734363132343565313939626337663837313766633066383033
32386465316432376265663030666531343465313666643532373831333531366232333435383939
30343333366431643665613765633232396366393737383665643132343038323965363936643938
31303037366539323539303461643633313130656466373431663762383131313633376263653865
62646231396332376463353533383030393932356465303763316137303265656237383836393739
66626638636135623663353966623265393039316133643935623034363434663964353337323833
64656365663262336561383731393739383937376664663233626630373235386638393538333034
38393832323263353563396238636266313634383263653264613730393565626230613735666266
65393462376433366431613566396133353563313665306663326135636366666533666332343632
30656134656539383739323364313364656663306433623461643839323766383433363637303964
61663339653433393534383634396166653962363433366262363030636563666536613262626638
37616365636233613361343063646134373738616239303431323333313664396233636263343361
62386139633731373563376539643861303366326538316231323939336539353339373936666366
37666633366264353366386664306330326330653363383736303831616266643333626562313164
34303230373137373630666432656638383932653638303333373061313336356363373932376163
30663433643437313465666265626266363737636235643132636539303630666634666463623263
38323737396666666235396234643634366638613963373233323038313137323262643037323365
61373635336432663162363563396637303330613163396163643838623964633837353139633337
66326533626538666437393662356334346534316435366339656661653334633531366132653834
63613339663636666331666433343238626632323532633834653865323130613430613337663639
34643530323232383762666530616139626433643363633962643237333637386534626230646137
37353063653932313362313964623638336630373663333863343537343162616362346664653339
62623434336462653361616264383535363938363039366437393836616462613531663738356363
65306465656532343536306163373861336463383736393335346137636161363862393439643030
62323639373936643539653130313265613637653061663130376536373132396165393765323031
66633061626536663432656130383038353063356662383538323066323663333766666466326265
37636663306335616362613865396263346430636533633239623631396333613339333830663739
63653830313030306133316561346234346262353238666134643036356135353864306135636334
35393639666639313430636133396535386361653737653066643861633336356438353633323763
66366563363534393639613938376130363665633231636336653631376264626664633135353237
62333562363266323038366335383830666133626139613432373432356333303065353836313863
62353664656339663837393637613339666232393963633531363462343933623138383431393431
38383563613036613765613932386561366233373864643933623936653233613836646238303165
35383035396637636532383237633536666633633461623835626564633734323162323039333262
34326435353366616632313362666433333937363134333537343338396561633235323864353333
36386536633766353638316437343230656239646133313930653939356364623630346237336334
64393337643036373764353235373333653236653131666463663165303335303736366531666265
35653432373261343664326266326433316633643834653731346332373635343735313964653235
34376138666661373933343632376533313236633963373561376637643364653033363631306137
35326131666665373532333638393865636562666161303437353938316565663566633463633234
62393036333133333833623861653662653338646262363431643664303166316664623234356634
34363465353564623831633337373666363134363133643930636461386461306539323935666137
38653530646538383064613265376263366661623630383262373636363462663532303966613434
62353230303661353863383835323131396230343165666562386566366235363136613262626536
63383764636435366562393763656466316361386431633365393233343136353562613266326439
66343936643164303830306633633062666561343262376433393834353230306666313431336365
61653033383832306362376332343263343536366533663531353461323731626162633966653463
33653634626639303363643365636365383136353932363638303235396630643664376538663436
64653034613338356437393530353437623337303136323535346464383163643966373131336139
31316166643432366133356234313133363765376562643033613037373032616538356666333461
62626164616661616339323833303634613636653338616434396437613633326434616239663839
35616634643931613930326263333766383431643537303933643238333032616261323333623161
33346566623533346432626531663065366431373139633836663363333539303766306462373537
31336466613334666237663063363862343934653332306661323661303165613835663661323362
65303663396335363933313437343131663137656539366361333738653937353837363133343963
34373930393761616161383037316237646230353161313363313932386437656265333131656561
30383030316534633936353763376665633538656436326366323662653433373562656162646537
65363033636662333930303532356535643535326631616666313530663833666435383730643336
31653165316337333835346539333239653265343832373634323030633562393332373330616537
32376261656462636365383361323839623739313737313766636166313239663737366262623436
36363634306166313730366130396630303765323630643439313938303130313562613433626330
33346663613965646238313832366335383966613032643431613538353763643931633961343361
61663432333863333230633162396238356131326237633932363432306366336339666330313732
36653636346234326663303139313132366365366563363265643631383464616663366533373035
31383639623061383362613837373263353361373866643339386436353833386138663362626263
65663332663934323532353537353537383136373733326161633566326362656236386638616666
39643437626662306439346532636333383030383632326533363636353463623135363633333036
64346533333963366165316563383261396534646464386435383737663366366236316438303130
61366264646431313636663735303234353135626363326437323036623566303634363263353733
33643861366236633535333635666366336533323361356265663066646263336536366339623338
35373061313037303762653730623431383131616363663435323433643533333366346439393166
31363764353037303837353463633661633866393331366665643835326132363061373933636630
35356231373231393364663231616465613862646462393266393765303864653234613130633139
63383563363633656663613135663531636535626439636166663361636438376233326234636339
61653637303234393664663361643431336166663163613039623866383163643363313334653961
39626437646362623436303735626636616263353330306130356235666639623061333261316534
61643432346134616432316364323763316364386262393663353637326162623939326431303065
65316237666237376663613938363939393237306336633538383739663432616633313362643661
61653162333230376137343561643363313637383731366164363131383866663032623336303861
65343935336535346262633439613836313334636334363739613763393330636233373733666131
35383538356165623361386332633234643238313064316331646261623238666661663132343532
32626135376338376634373230306532343065353462353463623363346363646439303637663562
30316264363932643137663764333233663264623239306563326161623563363634663339356666
66393965326463646333353237353465613863613432653163613336633161313331376165633465
33653963616366313032313938643731383836316364323262653761303934386562356261366163
39353661393931386432363361323236336237656532663062393138333535383835623533346535
32633635303137323236656561383934636638323064363033353238313763623163316362626134
65356238363063376130306365303462353237383138326639656666653939363338386333333037
31343635653462353731643636343365663566346235383636303036356362383239666333653733
32316439396561396638386430613665373937303363653835623336616137393363666636373666
30633235663736346662373233366165306434626437373265346534343461353565383234626632
66336566636565303766623539626438663762373130616364613039656238363965623930623536
32613538613431666530313735613731653164383336346463303665666662356335646138663034
30363031363765353265383134636565316335613833646236656662316564623431393062323031
38613937393665326566383639326339333339376636626533653466383461643233386564653339
34393564623862623661643061373832343663356431386561313138366364663036643132353536
36353664656132663964373039336532316466363636616437653630333231326335313936333731
32303032623937356464646263353333323330323939633666353639363963303734323331333235
32353731643234333832396465653435633133343033356463306134663131636166313639636239
66313762653662386263303461633261383664363562373261366162663934623762383265303764
62653536663535303334616434343135366366396666316330616466363136326336366532663739
33366131313463323165613162613734623864616337326432353762383532616239356162643335
35343535393935633931386264376361396331356532363162396366353736376132653134646234
35303464666435396638343133616331643030326539363864653731613335646664366637333331
39353335363831356330643866633963326366643333356330633839306237313562303762613531
38643935393035303034306334356237666264366232636234333563636234323837393164383863
38373933653035363966396262343564653863633435633462663139363066366635313337363636
32383031623537353966646432356539326266313937666162626465636631613539663365363165
35666136313837386264363839646361633066633336323631343933653365653337373236636466
31613633376238356233
